+1007
+1008
+2007
+3108
+2107
+1107
+4300
+0000
+0000
+0000
+0000
+0000
+0000
+0000
+0000
+0000
+0000
+0000
+0000
+0000
+0000
+0000
+0000
+0000
+0000
+0000
+0000
+0000
+0000
+0000
+0000
+0000
+0000
+0000
+0000
+0000
+0000
+0000
+0000
+0000
+0000
+0000
+0000
+0000
+0000
+0000
+0000
+0000
+0000
+0000
+0000
+0000
+0000
+0000
+0000
+0000
+0000
+0000
+0000
+0000
+0000
+0000
+0000
+0000
+0000
+0000
+0000
+0000
+0000
+0000
+0000
+0000
+0000
+0000
+0000
+0000
+0000
+0000
+0000
+0000
+0000
+0000
+0000
+0000
+0000
+0000
+0000
+0000
+0000
+0000
+0000
+0000
+0000
+0000
+0000
+0000
+0000
+0000
+0000
+0000
